# Created by Octave 3.8.1, Sun Oct 11 09:23:55 2015 CEST <francesco@Asus-A56CA>
# name: A
# type: matrix
# rows: 2
# columns: 2
 1 0
 0 0


# name: a
# type: matrix
# rows: 2
# columns: 2
 1 0
 0 0


# name: ans
# type: matrix
# rows: 2
# columns: 2
 1 0
 0 0


# name: b
# type: matrix
# rows: 2
# columns: 2
 3 0
 0 1


# name: t
# type: bool matrix
# rows: 2
# columns: 2
 1 0
 0 0


